maps/api/js/viewportinfoservice

/**/_xdc_._2m9ij5 && _xdc_._2m9ij5( ["Date hartă ©2022",[
["obliques",[[46.7925382703598,23.5162353515625],[46.79629898997744,23.6260986328125]]],
["obliques",[[46.78877728793223,23.5052490234375],[46.7925382703598,23.6260986328125]]],
["obliques",[[46.78501604269255,23.499755859375],[46.78877728793223,23.6260986328125]]],
["obliques",[[46.78125453463861,23.499755859375],[46.78501604269255,23.6260986328125]]],
["obliques",[[46.77749276376829,23.499755859375],[46.78125453463861,23.6260986328125]]],
["obliques",[[46.77373073007939,23.499755859375],[46.77749276376829,23.6260986328125]]],
["obliques",[[46.76996843356982,23.499755859375],[46.77373073007939,23.6260986328125]]],
["obliques",[[46.76620587423741,23.499755859375],[46.76996843356982,23.6260986328125]]],
["obliques",[[46.76244305208003,23.499755859375],[46.76620587423741,23.6260986328125]]],
["obliques",[[46.75867996709557,23.499755859375],[46.76244305208003,23.6260986328125]]],
["obliques",[[46.75491661928189,23.499755859375],[46.75867996709557,23.6260986328125]]], -> 46.75679829318873,23.56292724609375 --> 46.75491655357406,23.56292724609375
["obliques",[[46.75115300863688,23.499755859375],[46.75491661928189,23.6260986328125]]], -> 46.75303481395939,23.56292724609375 --> 46.75491661928189,23.56292724609375 (x1x4, y1,y4)
["obliques",[[46.7473891351584,23.499755859375],[46.75115300863688,23.6260986328125]]],
["obliques",[[46.74362499884437,23.499755859375],[46.7473891351584,23.6260986328125]]],
["obliques",[[46.73986059969268,23.499755859375],[46.74362499884437,23.6260986328125]]],
["obliques",[[46.73609593770119,23.499755859375],[46.73986059969268,23.6260986328125]]],
["obliques",[[46.73233101286785,23.499755859375],[46.73609593770119,23.6260986328125]]],
["obliques",[[46.72856582519055,23.499755859375],[46.73233101286785,23.6260986328125]]],
["obliques",[[46.72480037466718,23.499755859375],[46.72856582519055,23.6260986328125]]],
["obliques",[[46.72103466129568,23.499755859375],[46.72480037466718,23.6260986328125]]],
["obliques",[[46.71726868507396,23.5052490234375],[46.72103466129568,23.6260986328125]]],
["obliques",[[46.71350244599995,23.53271484375],[46.71726868507396,23.6260986328125]]], -> 46.75490347771688,23.5711669921875



["report_map_issue",[[46.73986059969268,23.466796875],[46.8000594467873,23.642578125]]],
["report_map_issue",[[46.67959446564019,23.466796875],[46.73986059969268,23.642578125]]],
["traffic",[[46.7925382703598,23.499755859375],[46.79629898997744,23.6260986328125]]],
["traffic",[[46.78877728793223,23.499755859375],[46.7925382703598,23.6260986328125]]],
["traffic",[[46.78501604269255,23.499755859375],[46.78877728793223,23.6260986328125]]],
["traffic",[[46.78125453463861,23.499755859375],[46.78501604269255,23.6260986328125]]],
["traffic",[[46.77749276376829,23.499755859375],[46.78125453463861,23.6260986328125]]],
["traffic",[[46.77373073007939,23.499755859375],[46.77749276376829,23.6260986328125]]],["traffic",[[46.76996843356982,23.499755859375],[46.77373073007939,23.6260986328125]]],["traffic",[[46.76620587423741,23.499755859375],[46.76996843356982,23.6260986328125]]],["traffic",[[46.76244305208003,23.499755859375],[46.76620587423741,23.6260986328125]]],["traffic",[[46.75867996709557,23.499755859375],[46.76244305208003,23.6260986328125]]],["traffic",[[46.75491661928189,23.499755859375],[46.75867996709557,23.6260986328125]]],["traffic",[[46.75115300863688,23.499755859375],[46.75491661928189,23.6260986328125]]],["traffic",[[46.7473891351584,23.499755859375],[46.75115300863688,23.6260986328125]]],["traffic",[[46.74362499884437,23.499755859375],[46.7473891351584,23.6260986328125]]],["traffic",[[46.73986059969268,23.499755859375],[46.74362499884437,23.6260986328125]]],["traffic",[[46.73609593770119,23.499755859375],[46.73986059969268,23.6260986328125]]],["traffic",[[46.73233101286785,23.499755859375],[46.73609593770119,23.6260986328125]]],["traffic",[[46.72856582519055,23.499755859375],[46.73233101286785,23.6260986328125]]],["traffic",[[46.72480037466718,23.499755859375],[46.72856582519055,23.6260986328125]]],["traffic",[[46.72103466129568,23.499755859375],[46.72480037466718,23.6260986328125]]],["traffic",[[46.71726868507396,23.499755859375],[46.72103466129568,23.6260986328125]]],["traffic",[[46.71350244599995,23.499755859375],[46.71726868507396,23.6260986328125]]]],[[19,[[-90,-180],[90,180]]],[9,[[-90,-180],[90,180]]],[14,[[-84.375,-180],[84.375,180]]],[14,[[-57.00007429999999,-180],[83.68835439999998,180]]],[14,[[2.000015099999999,8.999999900000008],[78,61.00000769999997]]],[16,[[44.12109369999999,22.32419720000001],[52.73439639999998,41.1328125]]],[16,[[41.4999961,12.9999804],[48.50002519999998,29.99999280000003]]],[19,[[46.208496,23.24707029999999],[47.08740230000001,23.5546875]]],[19,[[46.47216789999999,23.4667968],[47.04345699999999,23.7963867]]],[19,[[46.45019529999999,23.29101560000001],[46.9995117,23.59863279999999]]],[20,[[46.43920889999998,23.2580566],[47.04345699999999,23.53271480000001]]],[20,[[46.43920889999998,23.4448242],[47.04345699999999,23.66455070000001]]],[19,[[46.60400390000001,23.51074210000004],[46.9995117,23.8183593]]],[20,[[46.45019529999999,23.62060539999999],[47.0324707,23.82934570000003]]],[19,[[46.51611320000001,23.4667968],[46.911621,23.708496]]],[19,[[46.51611320000001,23.29101560000001],[46.911621,23.53271480000001]]],[19,[[46.69189449999999,23.2250976],[46.93359369999999,23.5766601]]],[20,[[46.5051269,23.4448242],[46.911621,23.65356439999996]]],[19,[[46.51611320000001,23.42285150000001],[46.7578125,23.75244140000001]]],[19,[[46.5380859,23.24707029999999],[46.7797851,23.5766601]]],[15,[[46.52564039999999,23.3118724],[46.8973302,23.5150337]]],[15,[[46.52864449999998,23.4781265],[46.87226770000001,23.68373390000002]]],[15,[[46.5272712,23.48113050000001],[46.87093730000001,23.68429180000001]]],[15,[[46.52684210000001,23.4819459],[46.8705511,23.68261810000001]]],[19,[[46.60400390000001,23.29101560000001],[46.82373039999999,23.59863279999999]]],[20,[[46.6479492,23.49975580000001],[46.90063470000001,23.73046869999999]]],[20,[[46.69189449999999,23.59863279999999],[46.86767570000001,23.8183593]]],[15,[[46.69524189999998,23.60811710000002],[46.86711779999999,23.8126087]]],[19,[[46.71386709999999,23.51074210000004],[46.82373039999999,23.8183593]]],[20,[[46.7028808,23.4448242],[46.85668939999999,23.64257810000001]]],[15,[[46.7020225,23.4371423],[46.86312670000001,23.62202160000004]]],[20,[[46.7028808,23.6096191],[46.85668939999999,23.7963867]]],[15,[[46.7772531,23.59850399999996],[46.89569950000001,23.82436749999999]]],[15,[[46.70639990000002,23.45387930000001],[46.85171120000001,23.63729949999998]]],[15,[[46.71360959999998,23.61721510000001],[46.85050960000001,23.79351130000001]]],[20,[[46.7028808,23.3349609],[46.8127441,23.53271480000001]]],[15,[[46.70451159999999,23.3353042],[46.8093538,23.53258600000001]]],[16,[[46.70558449999999,23.39798210000001],[46.74985169999999,23.60972639999997]]],[20,[[46.7056274,23.39813230000001],[46.74957269999999,23.6096191]]]],[[["m",[14,9256,5771],595325281],["m",[14,9257,5771],595325281],["m",[14,9258,5771],595325281],["m",[14,9259,5771],595325281],["m",[14,9260,5771],595325281],["m",[14,9261,5771],595325281],["m",[14,9262,5771],595325281],["m",[14,9263,5771],595325281],["m",[14,9264,5771],595325281],["m",[14,9265,5771],595325281],["m",[14,9266,5771],595325281],["m",[14,9267,5771],595325281],["m",[14,9268,5771],595325400],["m",[14,9269,5771],595325400],["m",[14,9270,5771],595325400],["m",[14,9271,5771],595325281],["m",[14,9272,5771],595325281],["m",[14,9256,5772],595325281],["m",[14,9257,5772],595325281],["m",[14,9258,5772],595325281],["m",[14,9259,5772],595325281],["m",[14,9260,5772],595325281],["m",[14,9261,5772],595325281],["m",[14,9262,5772],595325281],["m",[14,9263,5772],595325388],["m",[14,9264,5772],595325388],["m",[14,9265,5772],595325388],["m",[14,9266,5772],595325388],["m",[14,9267,5772],595325281],["m",[14,9268,5772],595325400],["m",[14,9269,5772],595325400],["m",[14,9270,5772],595325400],["m",[14,9271,5772],595325364],["m",[14,9272,5772],595325364],["m",[14,9256,5773],595325281],["m",[14,9257,5773],595325281],["m",[14,9258,5773],595325281],["m",[14,9259,5773],595325281],["m",[14,9260,5773],595325281],["m",[14,9261,5773],595325281],["m",[14,9262,5773],595325281],["m",[14,9263,5773],595325388],["m",[14,9264,5773],595325388],["m",[14,9265,5773],595325388],["m",[14,9266,5773],595325388],["m",[14,9267,5773],595325281],["m",[14,9268,5773],595325281],["m",[14,9269,5773],595325281],["m",[14,9270,5773],595325281],["m",[14,9271,5773],595325364],["m",[14,9272,5773],595325364],["m",[14,9256,5774],595325281],["m",[14,9257,5774],595325281],["m",[14,9258,5774],595325281],["m",[14,9259,5774],595325281],["m",[14,9260,5774],595325424],["m",[14,9261,5774],595325424],["m",[14,9262,5774],595325424],["m",[14,9263,5774],595325388],["m",[14,9264,5774],595325388],["m",[14,9265,5774],595325388],["m",[14,9266,5774],595325388],["m",[14,9267,5774],595325281],["m",[14,9268,5774],595325281],["m",[14,9269,5774],595325281],["m",[14,9270,5774],595325281],["m",[14,9271,5774],595325424],["m",[14,9272,5774],595325424],["m",[14,9256,5775],595325281],["m",[14,9257,5775],595325281],["m",[14,9258,5775],595325281],["m",[14,9259,5775],595325281],["m",[14,9260,5775],595325424],["m",[14,9261,5775],595325424],["m",[14,9262,5775],595325424],["m",[14,9263,5775],595325424],["m",[14,9264,5775],595325400],["m",[14,9265,5775],595325424],["m",[14,9266,5775],595325424],["m",[14,9267,5775],595325424],["m",[14,9268,5775],595325400],["m",[14,9269,5775],595325281],["m",[14,9270,5775],595325281],["m",[14,9271,5775],595325424],["m",[14,9272,5775],595325424],["m",[14,9256,5776],595325281],["m",[14,9257,5776],595325281],["m",[14,9258,5776],595325281],["m",[14,9259,5776],595325281],["m",[14,9260,5776],595325424],["m",[14,9261,5776],595325424],["m",[14,9262,5776],595325424],["m",[14,9263,5776],595325424],["m",[14,9264,5776],595325412],["m",[14,9265,5776],595325424],["m",[14,9266,5776],595325424],["m",[14,9267,5776],595325424],["m",[14,9268,5776],595325400],["m",[14,9269,5776],595325281],["m",[14,9270,5776],595325281],["m",[14,9271,5776],595325424],["m",[14,9272,5776],595325424],["m",[14,9256,5777],595325281],["m",[14,9257,5777],595325281],["m",[14,9258,5777],595325281],["m",[14,9259,5777],595325281],["m",[14,9260,5777],595325281],["m",[14,9261,5777],595325424],["m",[14,9262,5777],595325424],["m",[14,9263,5777],595325424],["m",[14,9264,5777],595325424],["m",[14,9265,5777],595325424],["m",[14,9266,5777],595325424],["m",[14,9267,5777],595325424],["m",[14,9268,5777],595325400],["m",[14,9269,5777],595325281],["m",[14,9270,5777],595325281],["m",[14,9271,5777],595325424],["m",[14,9272,5777],595325424],["m",[14,9256,5778],595325400],["m",[14,9257,5778],595325400],["m",[14,9258,5778],595325400],["m",[14,9259,5778],595325424],["m",[14,9260,5778],595325424],["m",[14,9261,5778],595325424],["m",[14,9262,5778],595325400],["m",[14,9263,5778],595325400],["m",[14,9264,5778],595325424],["m",[14,9265,5778],595325424],["m",[14,9266,5778],595325424],["m",[14,9267,5778],595325424],["m",[14,9268,5778],595325424],["m",[14,9269,5778],595325281],["m",[14,9270,5778],595325281],["m",[14,9271,5778],595325281],["m",[14,9272,5778],595325281],["m",[14,9256,5779],595325400],["m",[14,9257,5779],595325400],["m",[14,9258,5779],595325424],["m",[14,9259,5779],595325424],["m",[14,9260,5779],595325424],["m",[14,9261,5779],595325424],["m",[14,9262,5779],595325400],["m",[14,9263,5779],595325400],["m",[14,9264,5779],595325424],["m",[14,9265,5779],595325424],["m",[14,9266,5779],595325424],["m",[14,9267,5779],595325424],["m",[14,9268,5779],595325424],["m",[14,9269,5779],595325281],["m",[14,9270,5779],595325281],["m",[14,9271,5779],595325281],["m",[14,9272,5779],595325281],["m",[14,9256,5780],595325400],["m",[14,9257,5780],595325400],["m",[14,9258,5780],595325424],["m",[14,9259,5780],595325424],["m",[14,9260,5780],595325424],["m",[14,9261,5780],595325424],["m",[14,9262,5780],595325400],["m",[14,9263,5780],595325400],["m",[14,9264,5780],595325424],["m",[14,9265,5780],595325424],["m",[14,9266,5780],595325424],["m",[14,9267,5780],595325424],["m",[14,9268,5780],595325424],["m",[14,9269,5780],595325281],["m",[14,9270,5780],595325281],["m",[14,9271,5780],595325281],["m",[14,9272,5780],595325281],["m",[14,9256,5781],595325281],["m",[14,9257,5781],595325281],["m",[14,9258,5781],595325424],["m",[14,9259,5781],595325424],["m",[14,9260,5781],595325424],["m",[14,9261,5781],595325400],["m",[14,9262,5781],595325364],["m",[14,9263,5781],595325400],["m",[14,9264,5781],595325424],["m",[14,9265,5781],595325424],["m",[14,9266,5781],595325424],["m",[14,9267,5781],595325281],["m",[14,9268,5781],595325281],["m",[14,9269,5781],595325281],["m",[14,9270,5781],595325281],["m",[14,9271,5781],595325281],["m",[14,9272,5781],595325281],["m",[14,9256,5782],595325281],["m",[14,9257,5782],595325281],["m",[14,9258,5782],595325281],["m",[14,9259,5782],595325281],["m",[14,9260,5782],595325281],["m",[14,9261,5782],595325281],["m",[14,9262,5782],595325281],["m",[14,9263,5782],595325281],["m",[14,9264,5782],595325281],["m",[14,9265,5782],595325281],["m",[14,9266,5782],595325281],["m",[14,9267,5782],595325281],["m",[14,9268,5782],595325281],["m",[14,9269,5782],595325281],["m",[14,9270,5782],595325281],["m",[14,9271,5782],595325281],["m",[14,9272,5782],595325281],["m",[14,9256,5783],595325281],["m",[14,9257,5783],595325281],["m",[14,9258,5783],595325281],["m",[14,9259,5783],595325281],["m",[14,9260,5783],595325281],["m",[14,9261,5783],595325281],["m",[14,9262,5783],595325281],["m",[14,9263,5783],595325281],["m",[14,9264,5783],595325281],["m",[14,9265,5783],595325281],["m",[14,9266,5783],595325281],["m",[14,9267,5783],595325281],["m",[14,9268,5783],595325281],["m",[14,9269,5783],595325281],["m",[14,9270,5783],595325281],["m",[14,9271,5783],595325281],["m",[14,9272,5783],595325281],["m",[14,9256,5784],595310226],["m",[14,9257,5784],595325281],["m",[14,9258,5784],595325281],["m",[14,9259,5784],595325281],["m",[14,9260,5784],595325281],["m",[14,9261,5784],595325281],["m",[14,9262,5784],595325281],["m",[14,9263,5784],595325281],["m",[14,9264,5784],595325281],["m",[14,9265,5784],595325281],["m",[14,9266,5784],595325281],["m",[14,9267,5784],595325281],["m",[14,9268,5784],595325281],["m",[14,9269,5784],595325281],["m",[14,9270,5784],595325281],["m",[14,9271,5784],595325281],["m",[14,9272,5784],595325281],["m",[14,9256,5785],595325281],["m",[14,9257,5785],595325281],["m",[14,9258,5785],595325281],["m",[14,9259,5785],595325281],["m",[14,9260,5785],595325281],["m",[14,9261,5785],595325281],["m",[14,9262,5785],595325281],["m",[14,9263,5785],595325281],["m",[14,9264,5785],595325281],["m",[14,9265,5785],595325281],["m",[14,9266,5785],595325281],["m",[14,9267,5785],595325281],["m",[14,9268,5785],595325281],["m",[14,9269,5785],595325281],["m",[14,9270,5785],595325281],["m",[14,9271,5785],595325281],["m",[14,9272,5785],595325281],["m",[14,9256,5786],595325281],["m",[14,9257,5786],595325281],["m",[14,9258,5786],595325281],["m",[14,9259,5786],595325281],["m",[14,9260,5786],595325281],["m",[14,9261,5786],595325281],["m",[14,9262,5786],595325281],["m",[14,9263,5786],595325281],["m",[14,9264,5786],595325281],["m",[14,9265,5786],595325281],["m",[14,9266,5786],595325281],["m",[14,9267,5786],595325281],["m",[14,9268,5786],595325281],["m",[14,9269,5786],595325281],["m",[14,9270,5786],595325281],["m",[14,9271,5786],595325281],["m",[14,9272,5786],595325281],["m",[13,4628,2885],595325281],["m",[13,4629,2885],595325281],["m",[13,4630,2885],595325281],["m",[13,4631,2885],595325388],["m",[13,4632,2885],595325388],["m",[13,4633,2885],595325400],["m",[13,4634,2885],595325400],["m",[13,4635,2885],595325424],["m",[13,4636,2885],595325424],["m",[13,4628,2886],595325281],["m",[13,4629,2886],595325281],["m",[13,4630,2886],595325281],["m",[13,4631,2886],595325388],["m",[13,4632,2886],595325388],["m",[13,4633,2886],595325400],["m",[13,4634,2886],595325400],["m",[13,4635,2886],595325424],["m",[13,4636,2886],595325424],["m",[13,4628,2887],595325400],["m",[13,4629,2887],595325400],["m",[13,4630,2887],595325400],["m",[13,4631,2887],595325424],["m",[13,4632,2887],595325424],["m",[13,4633,2887],595325424],["m",[13,4634,2887],595325424],["m",[13,4635,2887],595325424],["m",[13,4636,2887],595325424],["m",[13,4628,2888],595325400],["m",[13,4629,2888],595325400],["m",[13,4630,2888],595325400],["m",[13,4631,2888],595325424],["m",[13,4632,2888],595325424],["m",[13,4633,2888],595325424],["m",[13,4634,2888],595325424],["m",[13,4635,2888],595325424],["m",[13,4636,2888],595325424],["m",[13,4628,2889],595325400],["m",[13,4629,2889],595325400],["m",[13,4630,2889],595325400],["m",[13,4631,2889],595325424],["m",[13,4632,2889],595325424],["m",[13,4633,2889],595325424],["m",[13,4634,2889],595325424],["m",[13,4635,2889],595325424],["m",[13,4636,2889],595325424],["m",[13,4628,2890],595325400],["m",[13,4629,2890],595325400],["m",[13,4630,2890],595325400],["m",[13,4631,2890],595325424],["m",[13,4632,2890],595325424],["m",[13,4633,2890],595325424],["m",[13,4634,2890],595325424],["m",[13,4635,2890],595325424],["m",[13,4636,2890],595325424],["m",[13,4628,2891],595325281],["m",[13,4629,2891],595325281],["m",[13,4630,2891],595325281],["m",[13,4631,2891],595325281],["m",[13,4632,2891],595325281],["m",[13,4633,2891],595325281],["m",[13,4634,2891],595325281],["m",[13,4635,2891],595325281],["m",[13,4636,2891],595325281],["m",[13,4628,2892],595325281],["m",[13,4629,2892],595325281],["m",[13,4630,2892],595325281],["m",[13,4631,2892],595325281],["m",[13,4632,2892],595325281],["m",[13,4633,2892],595325281],["m",[13,4634,2892],595325281],["m",[13,4635,2892],595325281],["m",[13,4636,2892],595325281],["m",[13,4628,2893],595325281],["m",[13,4629,2893],595325281],["m",[13,4630,2893],595325281],["m",[13,4631,2893],595325281],["m",[13,4632,2893],595325281],["m",[13,4633,2893],595325281],["m",[13,4634,2893],595325281],["m",[13,4635,2893],595325376],["m",[13,4636,2893],595325376],["m",[15,18520,11550],595325281],["m",[15,18521,11550],595325281],["m",[15,18522,11550],595325424],["m",[15,18523,11550],595325424],["m",[15,18524,11550],595325424],["m",[15,18525,11550],595325281],["m",[15,18526,11550],595325281],["m",[15,18527,11550],595325281],["m",[15,18528,11550],595325281],["m",[15,18529,11550],595325281],["m",[15,18530,11550],595325281],["m",[15,18531,11550],595325281],["m",[15,18532,11550],595325281],["m",[15,18533,11550],595325281],["m",[15,18534,11550],595325281],["m",[15,18535,11550],595325281],["m",[15,18536,11550],595325281],["m",[15,18520,11551],595325281],["m",[15,18521,11551],595325281],["m",[15,18522,11551],595325424],["m",[15,18523,11551],595325424],["m",[15,18524,11551],595325424],["m",[15,18525,11551],595325424],["m",[15,18526,11551],595325281],["m",[15,18527,11551],595325281],["m",[15,18528,11551],595325281],["m",[15,18529,11551],595325281],["m",[15,18530,11551],595325281],["m",[15,18531,11551],595325424],["m",[15,18532,11551],595325424],["m",[15,18533,11551],595325424],["m",[15,18534,11551],595325400],["m",[15,18535,11551],595325400],["m",[15,18536,11551],595325400],["m",[15,18520,11552],595325281],["m",[15,18521,11552],595325281],["m",[15,18522,11552],595325424],["m",[15,18523,11552],595325424],["m",[15,18524,11552],595325424],["m",[15,18525,11552],595325424],["m",[15,18526,11552],595325281],["m",[15,18527,11552],595325281],["m",[15,18528,11552],595325281],["m",[15,18529,11552],595325281],["m",[15,18530,11552],595325400],["m",[15,18531,11552],595325424],["m",[15,18532,11552],595325424],["m",[15,18533,11552],595325424],["m",[15,18534,11552],595325400],["m",[15,18535,11552],595325400],["m",[15,18536,11552],595325400],["m",[15,18520,11553],595325281],["m",[15,18521,11553],595325281],["m",[15,18522,11553],595325281],["m",[15,18523,11553],595325424],["m",[15,18524,11553],595325424],["m",[15,18525,11553],595325424],["m",[15,18526,11553],595325400],["m",[15,18527,11553],595325400],["m",[15,18528,11553],595325281],["m",[15,18529,11553],595325400],["m",[15,18530,11553],595325400],["m",[15,18531,11553],595325424],["m",[15,18532,11553],595325424],["m",[15,18533,11553],595325424],["m",[15,18534,11553],595325412],["m",[15,18535,11553],595325400],["m",[15,18536,11553],595325400],["m",[15,18520,11554],595325281],["m",[15,18521,11554],595325281],["m",[15,18522,11554],595318830],["m",[15,18523,11554],595325281],["m",[15,18524,11554],595325281],["m",[15,18525,11554],595325400],["m",[15,18526,11554],595325400],["m",[15,18527,11554],595325400],["m",[15,18528,11554],595325400],["m",[15,18529,11554],595325400],["m",[15,18530,11554],595325412],["m",[15,18531,11554],595325424],["m",[15,18532,11554],595325424],["m",[15,18533,11554],595325424],["m",[15,18534,11554],595325412],["m",[15,18535,11554],595325400],["m",[15,18536,11554],595325400],["m",[15,18520,11555],595325281],["m",[15,18521,11555],595325281],["m",[15,18522,11555],595324272],["m",[15,18523,11555],595325281],["m",[15,18524,11555],595325281],["m",[15,18525,11555],595325400],["m",[15,18526,11555],595325400],["m",[15,18527,11555],595325400],["m",[15,18528,11555],595325400],["m",[15,18529,11555],595325400],["m",[15,18530,11555],595325412],["m",[15,18531,11555],595325424],["m",[15,18532,11555],595325424],["m",[15,18533,11555],595325424],["m",[15,18534,11555],595325412],["m",[15,18535,11555],595325400],["m",[15,18536,11555],595325400],["m",[15,18520,11556],595325281],["m",[15,18521,11556],595325281],["m",[15,18522,11556],595325281],["m",[15,18523,11556],595325281],["m",[15,18524,11556],595325281],["m",[15,18525,11556],595325376],["m",[15,18526,11556],595325400],["m",[15,18527,11556],595325424],["m",[15,18528,11556],595325424],["m",[15,18529,11556],595325424],["m",[15,18530,11556],595325424],["m",[15,18531,11556],595325424],["m",[15,18532,11556],595325424],["m",[15,18533,11556],595325424],["m",[15,18534,11556],595325412],["m",[15,18535,11556],595325400],["m",[15,18536,11556],595325281],["m",[15,18520,11557],595325281],["m",[15,18521,11557],595325424],["m",[15,18522,11557],595325424],["m",[15,18523,11557],595325424],["m",[15,18524,11557],595325400],["m",[15,18525,11557],595325400],["m",[15,18526,11557],595325400],["m",[15,18527,11557],595325424],["m",[15,18528,11557],595325424],["m",[15,18529,11557],595325424],["m",[15,18530,11557],595325424],["m",[15,18531,11557],595325424],["m",[15,18532,11557],595325424],["m",[15,18533,11557],595325424],["m",[15,18534,11557],595325424],["m",[15,18535,11557],595325424],["m",[15,18536,11557],595325281],["m",[15,18520,11558],595325424],["m",[15,18521,11558],595325424],["m",[15,18522,11558],595325424],["m",[15,18523,11558],595325424],["m",[15,18524,11558],595325400],["m",[15,18525,11558],595325400],["m",[15,18526,11558],595325400],["m",[15,18527,11558],595325424],["m",[15,18528,11558],595325424],["m",[15,18529,11558],595325424],["m",[15,18530,11558],595325424],["m",[15,18531,11558],595325424],["m",[15,18532,11558],595325424],["m",[15,18533,11558],595325424],["m",[15,18534,11558],595325424],["m",[15,18535,11558],595325424],["m",[15,18536,11558],595325281],["m",[15,18520,11559],595325424],["m",[15,18521,11559],595325424],["m",[15,18522,11559],595325424],["m",[15,18523,11559],595325424],["m",[15,18524,11559],595325400],["m",[15,18525,11559],595325400],["m",[15,18526,11559],595325400],["m",[15,18527,11559],595325400],["m",[15,18528,11559],595325400],["m",[15,18529,11559],595325424],["m",[15,18530,11559],595325424],["m",[15,18531,11559],595325424],["m",[15,18532,11559],595325400],["m",[15,18533,11559],595325424],["m",[15,18534,11559],595325424],["m",[15,18535,11559],595325424],["m",[15,18536,11559],595325281],["m",[15,18520,11560],595325424],["m",[15,18521,11560],595325424],["m",[15,18522,11560],595325424],["m",[15,18523,11560],595325400],["m",[15,18524,11560],595325400],["m",[15,18525,11560],595325364],["m",[15,18526,11560],595325364],["m",[15,18527,11560],595325400],["m",[15,18528,11560],595325400],["m",[15,18529,11560],595325424],["m",[15,18530,11560],595325424],["m",[15,18531,11560],595325424],["m",[15,18532,11560],595325281],["m",[15,18533,11560],595325281],["m",[15,18534,11560],595325281],["m",[15,18535,11560],595325281],["m",[15,18536,11560],595325281],["m",[15,18520,11561],595325424],["m",[15,18521,11561],595325412],["m",[15,18522,11561],595325412],["m",[15,18523,11561],595325281],["m",[15,18524,11561],595325364],["m",[15,18525,11561],595325364],["m",[15,18526,11561],595325364],["m",[15,18527,11561],595325400],["m",[15,18528,11561],595325400],["m",[15,18529,11561],595325424],["m",[15,18530,11561],595325424],["m",[15,18531,11561],595325424],["m",[15,18532,11561],595325281],["m",[15,18533,11561],595325281],["m",[15,18534,11561],595325281],["m",[15,18535,11561],595325281],["m",[15,18536,11561],595325281],["m",[15,18520,11562],595325281],["m",[15,18521,11562],595325281],["m",[15,18522,11562],595325281],["m",[15,18523,11562],595325281],["m",[15,18524,11562],595325281],["m",[15,18525,11562],595325281],["m",[15,18526,11562],595325281],["m",[15,18527,11562],595325400],["m",[15,18528,11562],595325400],["m",[15,18529,11562],595325424],["m",[15,18530,11562],595325424],["m",[15,18531,11562],595325424],["m",[15,18532,11562],595325281],["m",[15,18533,11562],595325281],["m",[15,18534,11562],595325281],["m",[15,18535,11562],595325281],["m",[15,18536,11562],595325281],["m",[15,18520,11563],595325281],["m",[15,18521,11563],595325281],["m",[15,18522,11563],595325281],["m",[15,18523,11563],595325281],["m",[15,18524,11563],595325281],["m",[15,18525,11563],595321554],["m",[15,18526,11563],595324272],["m",[15,18527,11563],595324272],["m",[15,18528,11563],595325281],["m",[15,18529,11563],595325281],["m",[15,18530,11563],595325281],["m",[15,18531,11563],595325281],["m",[15,18532,11563],595325281],["m",[15,18533,11563],595325281],["m",[15,18534,11563],595325281],["m",[15,18535,11563],595325281],["m",[15,18536,11563],595325281],["m",[15,18520,11564],595325281],["m",[15,18521,11564],595325281],["m",[15,18522,11564],595325281],["m",[15,18523,11564],595325281],["m",[15,18524,11564],595325281],["m",[15,18525,11564],595319130],["m",[15,18526,11564],595324272],["m",[15,18527,11564],595324272],["m",[15,18528,11564],595325281],["m",[15,18529,11564],595325281],["m",[15,18530,11564],595325281],["m",[15,18531,11564],595325281],["m",[15,18532,11564],595325281],["m",[15,18533,11564],595325281],["m",[15,18534,11564],595325281],["m",[15,18535,11564],595325281],["m",[15,18536,11564],595325281],["m",[15,18520,11565],595325281],["m",[15,18521,11565],595325281],["m",[15,18522,11565],595325281],["m",[15,18523,11565],595325281],["m",[15,18524,11565],595320546],["m",[15,18525,11565],595318098],["m",[15,18526,11565],595324272],["m",[15,18527,11565],595324272],["m",[15,18528,11565],595325281],["m",[15,18529,11565],595325281],["m",[15,18530,11565],595325281],["m",[15,18531,11565],595325281],["m",[15,18532,11565],595325281],["m",[15,18533,11565],595325281],["m",[15,18534,11565],595325281],["m",[15,18535,11565],595325281],["m",[15,18536,11565],595325281]]],0,null,[0],1] )